39.0746
39.0488
38.9981
38.8979
38.8525
38.7269
38.8219
38.7527
38.4856
37.7157
37.4873
38.3482
38.6432
38.5695
38.5278
38.7441
38.9407
39.104
38.9905
38.7642
39.3942
39.6891
39.8576
40.3177
41.2876
41.6865
41.9746
42.4183
42.3963
42.5166
42.498
43.0629
43.3918
43.9718
44.4919
45.0015
45.2942
45.9656
45.9872
45.9237
46.2192
46.2509
46.4421
46.3648
46.7803
47.0954
47.3445
47.2315
46.8994
46.7538
46.7685
46.6069
46.9743
46.9233
46.9464
46.4907
46.5136
46.3401
44.8209
43.234
42.6409
41.6602
41.2135
41.246
41.1515
41.4224
41.8234
42.2573
42.7796
42.9687
43.0614
43.5973
44.2288
44.6725
44.7125
44.9643
45.1741
45.183
45.4535
45.7737
45.9031
45.9207
46.5978
47.0854
46.8276
47.5417
48.131
48.5838
48.9891
49.3428
49.412
49.4259
49.6639
49.7592
49.8117
49.8949
49.2066
49.4502
50.3928
51.4368
51.6276
51.9833
51.9592
52.1543
52.286
52.7054
53.1047
53.3886
53.0453
53.3303
53.4973
52.8938
53.3187
53.3157
53.2433
52.8899
52.9486
53.239
53.1918
53.2603
53.5037
53.5053
53.3294
52.2336
50.9638
50.3348
49.9462
50.1256
50.9386
51.5813
52.4717
52.7685
52.4668
52.226
52.5025
52.2691
52.5803
52.8284
53.1751
53.1679
52.8514
52.4949
51.894
51.3274
50.3043
51.3016
50.9104
50.4627
50.138
49.9692
49.8138
49.3773
49.226
48.7874
48.592
48.2424
49.1762
48.8688
49.2654
49.8675
50.2084
50.5089
51.2733
51.8454
52.6303
53.0679
53.2534
53.5343
54.6008
54.835
55.1052
55.4514
55.7141
55.9085
56.0842
56.1376
56.0382
55.9459
56.1667
56.2296
56.1398
56.3323
56.4232
56.2693
56.3488
56.3901
56.0234
56.2555
56.4983
56.2648
56.4549
57.0458
57.3104
56.9344
56.542
56.5599
56.6823
56.4976
56.814
56.7381
56.8532
57.1191
57.3792
57.8623
57.685
58.4399
58.516
58.8851
59.2653
59.5409
59.9536
60.4517
60.6069
61.491
61.8137
62.119
62.1469
62.4169
62.5418
62.8959
62.8223
62.9823
63.0093
63.2723
63.099
63.4122
63.5128
63.8233
64.0153
63.7242
63.8691
63.9124
63.4884
63.5187
62.9354
63.5168
63.2954
63.2542
63.4616
63.8467
63.4228
64.0446
64.358
64.2602
64.3973
64.6041
64.5205
64.7326
64.8145
64.3274
63.5753
63.1594
62.8852
62.4462
62.119
62.2415
62.8646
63.4372
63.5128
63.5671
64.133
64.0213
63.948
63.6937
63.3374
63.7911
64.3212
64.8088
65.0202
65.0295
65.6172
65.2943
65.446
65.9369
66.2174
66.2772
66.5643
66.8594
66.7658
67
66.7674
66.8781
67.0845
67.014
67.3345
67.8515
68.1326
68.5054
68.7648
68.7836
69.4766
69.8703
70.2281
70.6763
70.7846
71.2053
71.4767
72.082
72.5263
73.2879
73.4219
73.3025
73.4081
73.3612
73.6104
73.8602
73.5664
74.495
74.7937
74.7017
74.8897
75.1755
74.6841
75.8344
75.7631
76.4562
77.0161
77.6669
77.5662
78.016
78.5532
78.5065
79.1996
79.7143
79.8273
80.793
81.334
81.3531
81.8293
82.2285
82.8557
83.7214
84.4651
85.1918
85.9397
86.2047
86.6474
86.7612
86.8198
87.1411
87.6952
87.145
86.8423
88.6247
88.4515
89.1677
89.1098
89.4407
89.8594
90.3386
90.4819
90.7274
91.352
91.1994
91.7766
92.1629
91.774
92.9979
93.4371
94.1593
94.1758
94.4557
94.798
95.4808
95.6435
95.7353
95.5906
95.3112
95.679
95.397
95.4229
95.1573
94.5448
93.9398
93.7201
93.4469
92.876
92.3208
91.7933
91.6795
91.3289
90.9315
90.486
90.5073
91.0794
91.0553
91.798
92.1771
92.5668
93.4476
93.2237
93.2359
93.3654
93.0834
93.5693
93.1103
93.8198
93.9532
93.7358
93.0657
93.0918
93.2476
93.6582
93.5246
94.0751
94.2079
94.9338
94.8662
95.1085
95.6847
95.2088
95.6385
96.3966
95.6019
96.3385
96.4095
96.4907
97.4094
97.6137
98.3318
98.7845
99.4639
99.3061
99.4734
99.6033
99.9853
99.6692
99.9435
98.0779
99.3149
100.3216
100.9437
101.0627
101.0669
101.2751
101.6813
101.579
101.9693
101.9319
102.3327
102.1252
102.0668
101.9688
103.0292
102.4933
103.5264
103.7521
104.4814
104.5322
104.5617
104.5227
104.7556
105.1611
104.7171
105.3338
105.3457
105.0619
104.7094
104.4616
103.6704
103.0863
102.8445
102.3002
100.7353
96.3666
97.2832
96.0605
93.2521
91.0373
90.4502
89.016
88.3056
87.4155
87.0742
88.0323
89.019
89.6926
89.9797
90.3375
90.6132
91.6642
91.994
92.5993
92.9436
94.2997
94.4397
94.8536
95.1448
95.3637
95.1109
95.1383
96.0599
95.9364
95.5154
96.4643
96.1187
96.3377
96.6154
97.1292
97.6731
97.6494
98.3222
98.2433
98.7876
99.3925
99.6203
99.1551
99.9006
100.0924
100.0728
100.3354
99.856
99.9049
100.1167
100.5991
100.9542
100.8204
101.3995
101.8114
101.6364
101.7476
101.9549
101.5204
102.1907
102.717
102.5371
102.8379
103.1504
102.7216
103.5917
104.5889
104.6371
105.0152
105.4081
105.6157
105.4986
105.8138
105.8357
106.6634
106.5085
105.9806
105.4425
105.1464
104.5272
104.0742
103.7174
104.3243
104.1621
103.7768
103.3976
102.6866
102.1014
102.9525
102.2225
101.4155
101.5167
101.4298
101.8747
102.1325
102.0407
102.0477
102.2485
102.0507
102.9281
103.0366
102.6479
103.343
104.2721
104.4129
104.5849
104.5427
104.0475
104.0502
105.6287
106.193
106.536
106.2655
106.6419
107.2519
108.2223
107.3639
108.1707
108.652
109.5246
109.6749
109.9165
110.5067
110.5516