39.4138
41.6109
41.7926
38.1368
35.9336
34.2578
36.8908
38.6540
40.529
39.7197
41.7283
44.2217
46.1319
46.6707
48.5083
50.3944
48.4261
48.5864
46.7054
48.5185
48.3027
46.4119
46.4216
50.5456
51.5854
53.149
53.4526
53.8163
54.8761
53.8089
54.650
56.588
55.9174
56.5801
59.3032
60.1467
59.2501
57.1615
57.2077
55.171
54.1223
53.9055
56.981
54.1852
56.4983
56.5917
50.3154
51.3118
50.9435
50.9065
49.8643
48.762
46.6231
46.940
42.6744
38.9886
34.4981
40.2970
38.3281
37.7310
42.5302
45.2426
46.3907
48.7561
51.789
53.5169
50.705
49.1905
47.6561
50.7697
52.2011
51.7777
58.812
57.5918
59.5324
59.689
58.4121
61.12
60.7087
60.5973
62.1636
61.58
60.7567
64.1666
61.1329
60.186
59.3873
59.6346
58.4653
61.3548
60.4083
59.5500
59.6424
57.3191
59.1317
59.5745
56.1540
55.152
56.6333
61.7439
62.3115
61.4532
65.364
66.9937
66.7793
60.9573
62.2662
63.4891
66.3032
64.1731
67.9994
68.4273
66.9415
69.8536
70.7900
74.8751
75.1967
70.3819
73.7275
75.3040
79.9848
79.9779
72.2023
75.5406
79.4284
81.9416
87.6439
88.5298
91.1342
92.9792
102.8848
99.7804
95.6057
97.2662
101.1563
99.2004
99.4541
98.8316
99.349
93.3161
88.7184
93.5065
97.3651
94.8680
93.6299
88.3963
87.9350
91.9092
88.7757
87.4424
85.8867
96.3128
97.5135
108.7373
113.1288
115.3088
119.5968
122.3380
126.8575
136.8515
135.6609
140.9407
136.7826
138.8356
140.7526
139.1253
142.601
141.3174
140.5289
135.5842
137.9320
139.2409
131.5328
134.3895
132.7224
147.3815
147.4166
147.9847
146.3278
150.1832
161.8839
163.8666
163.9752
163.8209
173.2861
176.13
175.7444
174.2437
168.7938
176.5901
188.7027
197.8314
198.9360
213.8063
225.7344
223.1929
235.670
239.393
225.6692
242.4044
222.3647
235.1881
240.9042
234.7564
266.3683
276.8937
284.8828
282.3533
284.8014
299.1837
314.3396
326.685
318.9201
250.2368
229.6148
247.829
257.4757
269.4778
261.1527
264.413
266.3253
278.5469
277.4909
268.700
279.4911
287.2731
283.1792
288.1194
309.2178
301.5121
308.5458
324.5655
337.6971
335.8146
366.997
373.2564
371.7419
363.1104
370.5158
379.4134
353.9410
358.4998
367.9997
358.8187
393.8054
391.1488
389.8945
354.6518
337.3926
335.9557
357.6721
367.6355
383.6460
411.826
421.373
422.337
440.2404
420.714
439.6507
450.671
442.5351
448.4846
430.4142
479.6389
470.7011
476.7966
467.5236
481.2741
483.6335
476.4384
495.9017
485.7525
491.4608
493.1583
509.9508
516.2090
520.4998
527.5941
538.7259
525.7042
539.7671
541.3477
539.1705
559.6279
555.3362
566.8239
561.4142
568.2021
587.5193
571.5727
546.6539
553.6641
562.7503
548.9560
566.9824
590.2281
575.7950
588.7307
567.2874
575.7049
590.6348
613.6527
631.7600
650.3632
676.3565
692.666
715.174
716.8153
747.665
744.3961
777.738
792.416
818.9999
826.5933
834.5496
846.8539
868.6937
872.79
833.4824
851.638
898.9658
923.7602
993.5842
973.8967
1034.7413
1042.8510
1000.19
1059.7003
1124.2190
1174.5862
1268.451
1197.70
1262.5629
1220.3964
1276.8919
1298.8209
1313.1870
1407.9007
1479.9972
1494.8869
1469.1930
1528.8702
1512.5898
1293.9035
1376.7921
1488.7825
1579.146
1670.55
1739.8387
1685.7663
1753.2116
1821.1051
1778.1026
1876.7831
1818.1810
1809.1858
1759.5891
1870.9371
1908.9695
2021.4004
1919.8401
1883.4984
2067.7592
2005.5489
1964.4011
2012.8294
1981.3608
2104.4318
1993.3319
1984.9043
1828.4157
1837.3642
1902.5522
1729.743
1619.5371
1745.3921
1757.855
1714.3205
1697.4444
1591.1816
1462.6899
1490.5818
1604.9187
1618.9788
1595.3522
1564.5856
1623.4285
1525.32
1513.7683
1405.9290
1296.3437
1304.8550
1163.440
1265.4103
1339.8911
1261.1759
1228.1354
1209.7106
1221.4562
1322.676
1391.7238
1409.4776
1434.3275
1462.3012
1446.7723
1528.6164
1542.655
1622.9382
1652.7273
1675.6998
1650.4192
1624.5109
1646.8037
1678.8255
1623.2622
1629.8277
1647.4798
1672.6481
1740.3263
1799.5473
1755.6837
1792.6304
1760.8864
1727.4900
1782.4562
1784.9866
1851.3675
1834.4757
1849.3335
1818.5036
1887.2836
1887.9403
1937.9290
1943.1871
1967.3751
1993.7927
1936.4084
1939.335
1950.9945
1997.4147
2048.8880
2115.6533
2155.8846
2186.1268
2219.1880
2175.7833
2200.1194
2297.5743
2377.7484
2338.2461
2265.7492
2314.5698
2385.7194
2423.6690
2322.3435
2306.2281
2167.9005
2097.4743
2088.4176
2190.1299
2218.4979
2031.4786
2014.3939
2043.5313
1861.4377
1548.8132
1437.6787
1452.9760
1330.5100
1188.8410
1292.9770
1416.7270
1495.9690
1498.9360
1612.3120
1670.5230
1732.8590
1700.6680
1802.6800
1837.4990
1771.3980
1826.2700
1936.4770
1967.490
1809.9790
1715.2300
1835.4040
1752.5460
1908.9510
1981.5850
1981.8390
2114.2890
2164.4010
2238.5510
2239.4410
2305.7630
2279.6630
2241.6630
2196.790
2076.7840
1930.7900
2141.8100
2137.800
2158.9400
2255.6900
2353.2300
2430.6700
2415.4200
2270.2500
2363.7900
2396.6200
2450.6000
2513.9300
2467.5100
2481.8200
2504.4400
2634.1600
2669.9200
2770.500
2823.4200
2889.4600
2850.6600
2995.7200
2908.9600
3000.1800
3138.900
3233.7200
3315.5900
3200.9500
3347.3800
3375.5100
3400.4600
3480.2900
3552.1800
3503.1900
3643.3400
3592.2500
3679.9900
3778.9600
3769.4400
3656.2800
3866.4200
3805.2700
3841.7800
3891.1800
3815.8500
3895.8000
3660.7500
3570.1700
3871.3300
3882.8400
3821.6000
3631.9600
3627.600
3873.1100
3888.1300
3957.9500
3968.2100
4114.5100
4120.2900
4121.600
4045.8900
4195.7300
4278.6600
4359.8100
4532.9300
4538.2100
4584.8200
4649.3400
4678.3600
4774.5600
4789.1800
4887.9700
5002.300
5155.4400
5212.7600
5511.2100
5308.900
5173.1900
5193.400
5318.1000
5350.8300
5549.9600
5730.8000
5763.4200
5369.4900
5478.9100
4984.2200
